[-2.96636257 -2.81036878 -2.68137151 -2.59921226 -2.60038194 -2.5348092
 -2.56933076 -2.53921527 -2.53547312 -2.5097154  -2.5297495  -2.57145328
 -2.57885451 -2.57345653 -2.57256755 -2.57552799 -2.56947763 -2.55498022
 -2.59006851 -2.61077859 -2.61300103 -2.63494769 -2.61510275 -2.64682185
 -2.63789318 -2.64476509 -2.65373322 -2.62659014 -2.64641439 -2.68582062
 -2.65946858 -2.68689477 -2.7065657  -2.72157182 -2.72863727 -2.74284684
 -2.71480345 -2.72604852 -2.75257045 -2.75254002 -2.79054433 -2.79329085
 -2.744      -2.77312941 -2.79140739 -2.80760751 -2.82058828 -2.84314477
 -2.83215975 -2.87230524 -2.88219834 -2.88313754 -2.89242586 -2.90775294
 -2.92835623 -2.92975218 -2.9359792  -2.94649235 -2.9422502  -2.96221638
 -2.96679211 -2.98224587 -2.97824913 -2.99505198 -2.97012147 -3.02026175
 -3.03541431 -3.00983478 -3.04189883 -3.04493237 -3.04981607 -3.05243731
 -3.0288937  -3.0467355  -3.06795857 -3.06843547 -3.06063448 -3.06469677
 -3.06467545 -3.08820505 -3.08878001 -3.10134628 -3.11482127 -3.12829351
 -3.13984134 -3.14008536 -3.12370067 -3.16293268 -3.145446   -3.18673128
 -3.1880459  -3.17500303 -3.18659613 -3.20375159 -3.19727955 -3.20521713
 -3.19739202 -3.21093454 -3.22068094 -3.23407175]
