[4.51772566 4.44905806 3.96246451 3.72290935 3.51114102 3.48438706
 3.39019711 3.38075015 3.34751418 3.31623254 3.30278913 3.28038083
 3.2782557  3.28385016 3.23308394 3.21665409 3.22654316 3.20371955
 3.21660762 3.22280848 3.2143895  3.22386823 3.18766534 3.20926709
 3.1966378  3.19237622 3.19614771 3.17527318 3.18304424 3.19038293
 3.18458789 3.18538486 3.18560115 3.17849712 3.18252656 3.17812584
 3.16722563 3.17219515 3.16621244 3.17120405 3.1677187  3.17158602
 3.15505319 3.17028127 3.16598711 3.16402596 3.16336452 3.16939071
 3.17102615 3.16423616 3.16701347 3.16500804 3.16455716 3.16744576
 3.15977695 3.15294256 3.15689391 3.16317763 3.16293357 3.15225295
 3.15692185 3.16225244 3.15957473 3.15888283 3.15399821 3.15359312
 3.15235167 3.15677687 3.15008085 3.14922483 3.14759303 3.15120857
 3.14414277 3.14672704 3.15236353 3.15393054 3.15250872 3.15438796
 3.15451625 3.15728743 3.15052131 3.14904592 3.15023217 3.15343448
 3.15087641 3.14766145 3.14743757 3.15084224 3.15067817 3.14961467
 3.14867686 3.14769217 3.15491132 3.15100407 3.14987825 3.1488914
 3.15158116 3.1475319  3.14537217 3.1505045 ]
