[0.13953842 0.13175479 0.1294657  0.12782283 0.126534   0.12561614
 0.1248999  0.12439669 0.12378527 0.12333007 0.12293072 0.12278346
 0.12258621 0.12219591 0.12197173 0.12185468 0.12164931 0.12147028
 0.12120961 0.12109571 0.12089897 0.12078667 0.12069399 0.12055914
 0.12050138 0.12027979 0.12019397 0.12007447 0.11997921 0.11985606
 0.11982889 0.11974049 0.11964245 0.11956881 0.11945062 0.11938055
 0.11928176 0.1192029  0.11915956 0.11912722 0.11905628 0.11895413
 0.11883982 0.11880296 0.11877797 0.11871484 0.11868252 0.11865661
 0.11861266 0.11856018 0.11844923 0.11836681 0.11830486 0.11827661
 0.11822947 0.11815522 0.11813277 0.1180714  0.11801482 0.117967
 0.11793006 0.11790249 0.11785608 0.11782531 0.11777939 0.1177257
 0.11772136 0.11767713 0.11764323 0.11760682 0.11759423 0.11761036
 0.11758188 0.11755017 0.11752259 0.1174664  0.1174261  0.11739294
 0.11736424 0.11735837 0.11732512 0.11731413 0.11724702 0.11722451
 0.11720177 0.11715844 0.11712752 0.11709029 0.11706978 0.11706018
 0.1170186  0.11699445 0.11698353 0.11694821 0.11691313 0.11689877
 0.11687217 0.11684838 0.11686003 0.11683377]
