[0.75930188 0.84057812 0.87220004 0.89038373 0.90227536 0.91292511
 0.91954947 0.92345775 0.92832861 0.93214172 0.93541857 0.93749121
 0.94029402 0.94380399 0.94596856 0.94749317 0.94923984 0.95131821
 0.95310116 0.95475388 0.95600997 0.95690927 0.95800612 0.95896121
 0.96080626 0.96164786 0.962637   0.96338109 0.96400297 0.96478587
 0.96547021 0.96607402 0.96676575 0.96779482 0.96870274 0.96910975
 0.96992213 0.9704078  0.97077594 0.97118406 0.97154417 0.97196855
 0.9727961  0.97317961 0.97374854 0.97422379 0.97457888 0.97520275
 0.9754814  0.97614245 0.97689914 0.9771745  0.97751366 0.97783931
 0.97792722 0.97844085 0.97844398 0.97893378 0.97927148 0.97982708
 0.97959788 0.97997205 0.98033521 0.98059176 0.98110119 0.981297
 0.98170664 0.98198931 0.98212485 0.98230208 0.98273039 0.98292658
 0.98295493 0.9830448  0.9833267  0.98369829 0.98399205 0.98422545
 0.98459173 0.98487512 0.98503031 0.98530488 0.98551109 0.98555156
 0.98576122 0.98610809 0.98624981 0.9866262  0.98668999 0.98681411
 0.9869254  0.98719235 0.98720149 0.98728149 0.98755633 0.98789476
 0.98823516 0.98838558 0.98855829 0.98862012]
