[-2.93960972 -2.91039269 -2.90051093 -2.89753114 -2.88663809 -2.88875037
 -2.88488631 -2.88135722 -2.88268956 -2.88361547 -2.89177165 -2.87929672
 -2.87885928 -2.8775311  -2.87825635 -2.87796846 -2.87655912 -2.88010011
 -2.87754101 -2.87774003 -2.88054879 -2.88020395 -2.87498911 -2.87505986
 -2.87476062 -2.87445449 -2.87760496 -2.87638116 -2.87441984 -2.87623265
 -2.87571393 -2.87370666 -2.87479311 -2.87338619 -2.87554287 -2.8735619
 -2.87500805 -2.87430708 -2.87422014 -2.87572707 -2.87628377 -2.87221734
 -2.87307488 -2.87465045 -2.87456324 -2.87523383 -2.8746779  -2.87401734
 -2.87415272 -2.8731954  -2.87392212 -2.87264709 -2.87174024 -2.87285296
 -2.87339621 -2.87246639 -2.8726827  -2.87204212 -2.87142725 -2.87235881
 -2.87194196 -2.86952483 -2.87296879 -2.87262349 -2.87209779 -2.87162273
 -2.87120999 -2.86991629 -2.87017242 -2.87098213 -2.87046333 -2.87078821
 -2.87155254 -2.87260662 -2.8698676  -2.86905007 -2.86969484 -2.86972841
 -2.86988129 -2.87026204 -2.87071959 -2.86871256 -2.86821335 -2.86925726
 -2.86958438 -2.87002633 -2.87012997 -2.86915796 -2.86948486 -2.86889038
 -2.86965672 -2.8704729  -2.86971256 -2.86972607 -2.86871666 -2.86823626
 -2.86821519 -2.87004962 -2.86982882 -2.86914814]
