[4.84826742 4.78621424 4.75632091 4.74038873 4.72921311 4.72455301
 4.71934279 4.7169673  4.71291206 4.70770869 4.70692614 4.70326139
 4.70157014 4.7009309  4.69871367 4.69835147 4.6963468  4.69435657
 4.69300688 4.6913039  4.69015084 4.69043484 4.68940724 4.68955233
 4.68865086 4.6886993  4.6873129  4.68624935 4.68709257 4.68481206
 4.68446012 4.68318943 4.68330233 4.68374718 4.68353487 4.68293335
 4.68127777 4.682398   4.68173054 4.68108268 4.68139013 4.68012895
 4.67916193 4.67952021 4.67891431 4.67992488 4.67873733 4.67859115
 4.67804194 4.67720533 4.67754062 4.67769488 4.67707541 4.67700467
 4.67680373 4.6766517  4.6757186  4.67535944 4.67673805 4.67596074
 4.67562037 4.67543214 4.67533625 4.67459549 4.67465744 4.67379509
 4.67413631 4.67391877 4.67371207 4.67352357 4.67318281 4.6730235
 4.67299197 4.67255322 4.67260528 4.67234029 4.67251371 4.67172286
 4.67202225 4.67219131 4.67199237 4.6719877  4.67129581 4.67165823
 4.67150724 4.67166298 4.67128971 4.67101123 4.67075766 4.6709544
 4.67069774 4.67056091 4.67009781 4.67009948 4.66959533 4.66956555
 4.66971816 4.66962223 4.66940204 4.66951758]
