[-3.72136651 -3.26672174 -2.97609559 -2.57808903 -2.34249395 -2.1966283
 -1.94261306 -1.75409921 -1.71979006 -1.5982162  -1.51750175 -1.553444
 -1.56416008 -1.53555337 -1.50569017 -1.56601191 -1.42711837 -1.50252931
 -1.50825921 -1.50002758 -1.51237049 -1.38688863 -1.40256587 -1.46354445
 -1.43118897 -1.37944479 -1.45087453 -1.48728847 -1.45454227 -1.45494557
 -1.47822794 -1.46505043 -1.50527289 -1.5335547  -1.4716718  -1.47996813
 -1.48071902 -1.47982884 -1.49651145 -1.5016548  -1.46094507 -1.55843394
 -1.55920383 -1.52499656 -1.50997553 -1.56353661 -1.52218824 -1.55539845
 -1.52747878 -1.56430507 -1.55655668 -1.56519786 -1.58335969 -1.66604241
 -1.65523778 -1.65960132 -1.63972331 -1.62550982 -1.61515158 -1.61395523
 -1.60018431 -1.60286327 -1.62929774 -1.63387565 -1.59710175 -1.57468156
 -1.58127426 -1.61572437 -1.62284878 -1.6085619  -1.60741546 -1.66202792
 -1.6125092  -1.6291815  -1.62747056 -1.60368547 -1.60282278 -1.617895
 -1.60967773 -1.60880553 -1.64522469 -1.64052717 -1.60614094 -1.6507128
 -1.67053869 -1.67629668 -1.66303251 -1.67150556 -1.66543388 -1.66452594
 -1.66427223 -1.64500201 -1.66075081 -1.66352233 -1.67523606 -1.68247985
        -inf -1.73006224 -1.68449443 -1.70528859]
