[7.29824942 5.70238666 5.23471169 3.75564244 3.27963247 2.97565119
 2.57587702 2.3030588  2.15946544 2.00090074 1.86726336 1.82544316
 1.78995309 1.72462716 1.69216098 1.64431085 1.62707226 1.59460623
 1.58569792 1.56818651 1.53397983 1.54533874 1.50764934 1.50989826
 1.49227863 1.48250846 1.45980703 1.45774214 1.45691417 1.4586436
 1.45032294 1.42807466 1.43651127 1.43976646 1.42440273 1.40865892
 1.41394235 1.40103323 1.40154049 1.39739528 1.39611631 1.40282195
 1.39167768 1.39045901 1.38183065 1.3899858  1.3853065  1.37863188
 1.36902851 1.37698996 1.36728205 1.36603056 1.35626896 1.35659458
 1.3533534  1.34957086 1.34529112 1.34475267 1.33625049 1.33434374
 1.33640551 1.33900892 1.33718336 1.33333328 1.33105831 1.3285813
 1.32572212 1.33332538 1.33151436 1.32428017 1.32454309 1.32753304
 1.32226077 1.32394574 1.32350334 1.32683334 1.32485617 1.3230913
 1.32169854 1.31916641 1.3210096  1.31500162 1.31007209 1.31383125
 1.31381538 1.3129558  1.31034542 1.30569359 1.30236574 1.30092021
 1.30073045 1.30249079 1.29972809 1.29930048 1.29739376 1.29766795
 1.29665103 1.29521017 1.29204367 1.29233276]
