[0.62591717 0.71547057 0.75512032 0.77973677 0.79539351 0.80993588
 0.81850759 0.8275118  0.83389759 0.84109007 0.84532109 0.85017194
 0.85415597 0.85831694 0.86040996 0.86469569 0.86737858 0.8691375
 0.87228099 0.87362357 0.87568331 0.87775848 0.87981342 0.88159431
 0.88309238 0.88514105 0.88626655 0.88785549 0.88942393 0.89010109
 0.89146578 0.89232592 0.89354085 0.89499935 0.89582605 0.89678623
 0.89754982 0.89869795 0.89921171 0.899298   0.90059823 0.90161355
 0.90220567 0.90258994 0.90391398 0.90432512 0.90495909 0.90583082
 0.90670641 0.90727017 0.90770614 0.90822189 0.90884524 0.90962294
 0.910011   0.91036905 0.91098833 0.91145911 0.91180743 0.91232
 0.91288288 0.9135024  0.91360761 0.91395455 0.91447537 0.9147972
 0.91524467 0.91558704 0.91590054 0.91647098 0.91709394 0.91765181
 0.91793213 0.91800492 0.91842382 0.91853201 0.91907131 0.91944997
 0.92003547 0.92043374 0.9208227  0.92113537 0.92136864 0.92165305
 0.92178785 0.92223366 0.92245488 0.92264254 0.92304469 0.92325419
 0.92346621 0.92378114 0.92438768 0.92476292 0.92477701 0.92495197
 0.92507946 0.92554056 0.92579223 0.92588617]
