[0.13023157 0.11932    0.11469096 0.1118663  0.11015533 0.10856155
 0.10760254 0.10660415 0.10596644 0.10521164 0.10478325 0.1042734
 0.10385818 0.10343747 0.10320994 0.10279599 0.10252248 0.10234826
 0.10201723 0.10187859 0.10167653 0.10146731 0.10127069 0.10109546
 0.10096225 0.10074425 0.10064074 0.10048357 0.10032843 0.10027117
 0.10012614 0.10002524 0.09990122 0.0997707  0.09969811 0.09961024
 0.09954112 0.09942839 0.09938499 0.09937782 0.09924839 0.09915258
 0.09909874 0.09906331 0.09893266 0.098888   0.09882607 0.09874454
 0.09866542 0.0986032  0.09856878 0.09851985 0.09846153 0.09839165
 0.09835184 0.0983122  0.09825543 0.09821426 0.09817176 0.09811514
 0.09806553 0.09800799 0.09800076 0.09796898 0.0979251  0.09789656
 0.09785961 0.09782118 0.09779023 0.09773719 0.09768032 0.09763005
 0.09760395 0.09760075 0.09756291 0.09755254 0.09750048 0.09746671
 0.09740807 0.09737107 0.09733528 0.09730769 0.09728318 0.09725811
 0.09724355 0.09719857 0.0971824  0.09716718 0.09712486 0.09710417
 0.09708548 0.09705409 0.09699902 0.09696457 0.09696245 0.09694543
 0.09693158 0.09689192 0.09686988 0.09685648]
