[0.01005132 0.00853373 0.00791775 0.00754134 0.00729862 0.00712346
 0.00698837 0.0068836  0.00677751 0.00670131 0.00662979 0.00657037
 0.00652266 0.00647306 0.00642771 0.00638678 0.00635536 0.00632343
 0.00629278 0.00626838 0.00623604 0.0062111  0.00619156 0.00616721
 0.00614733 0.00612838 0.00610823 0.00609657 0.00607105 0.00605762
 0.00604145 0.00602581 0.00601326 0.00599903 0.00598428 0.00597459
 0.00596036 0.00594948 0.00593727 0.00592539 0.00591721 0.00590886
 0.005895   0.00588649 0.00587637 0.0058666  0.00585767 0.00585055
 0.00584039 0.00583317 0.00582705 0.00581806 0.00581263 0.00580236
 0.00579759 0.00578941 0.00578335 0.00577545 0.00576803 0.00576264
 0.00575654 0.00574972 0.00574432 0.00573841 0.00573196 0.00572687
 0.00571991 0.00571579 0.00570949 0.00570414 0.00569973 0.0056933
 0.00568874 0.00568487 0.00568033 0.00567628 0.00567112 0.005665
 0.00566275 0.00565761 0.00565303 0.00564823 0.00564637 0.0056391
 0.0056364  0.00563248 0.00562697 0.00562387 0.00561992 0.00561662
 0.00561154 0.00560884 0.00560567 0.0056019  0.00559672 0.00559518
 0.00559195 0.00558728 0.00558499 0.00557967]
