[3.15591878 3.34423524 3.44082273 3.49337042 3.53054439 3.55728523
 3.57844547 3.59549321 3.61131281 3.62325025 3.63513736 3.64555108
 3.65374803 3.66254075 3.67061588 3.67729745 3.68352359 3.6896363
 3.69490637 3.69998616 3.70543454 3.70975435 3.71388995 3.71844695
 3.72280001 3.72628106 3.73044587 3.7329735  3.73742271 3.73977251
 3.74342287 3.7462491  3.74910665 3.75164907 3.75481098 3.75684544
 3.75939987 3.76176665 3.76420047 3.76641897 3.76837658 3.7699327
 3.77270491 3.77453215 3.7763055  3.77858414 3.78033861 3.78181498
 3.78387679 3.78535866 3.78664046 3.78859704 3.78976362 3.79181747
 3.79314447 3.79477203 3.79609927 3.79765898 3.79925013 3.80027743
 3.80176641 3.80309019 3.80402563 3.80545322 3.80682778 3.80787458
 3.80935795 3.81027823 3.81173243 3.8128018  3.8138613  3.8151386
 3.81602524 3.81697207 3.81810945 3.8190384  3.82014638 3.8213729
 3.82198909 3.8231266  3.8239758  3.82503458 3.82556054 3.82680991
 3.82759169 3.82857626 3.82955105 3.83015705 3.83119303 3.83205915
 3.83314781 3.83359875 3.83426415 3.83532425 3.83618576 3.83687129
 3.83756629 3.83849517 3.83913117 3.84008892]
