[8.24589918 7.44750615 7.02087798 6.76088532 6.54789621 6.49119597
 6.33961172 6.34608458 6.21730617 6.25705793 6.1689123  6.14019475
 6.08502833 6.04826253 6.07675295 6.05285279 6.03420894 6.01744598
 6.00299497 5.95480497 5.95386468 5.94735724 5.9318     5.91765087
 5.92624777 5.91793783 5.89933716 5.89829237 5.89509791 5.88594375
 5.86357666 5.86252296 5.86714747 5.84392159 5.85571532 5.85347747
 5.85634437 5.83505597 5.84372692 5.83478159 5.81653498 5.82717834
 5.81853579 5.80454887 5.81052434 5.79863296 5.81620462 5.78820527
 5.78546918 5.78438041 5.79424524 5.80040304 5.79074973 5.79126686
 5.78426647 5.77074203 5.77238457 5.76970342 5.76354455 5.75948761
 5.76777543 5.75225665 5.7581568  5.76851079 5.75605791 5.74910785
 5.75774092 5.75209898 5.76423427 5.76041435 5.75945468 5.76395037
 5.74603688 5.73955734 5.72882426 5.74261589 5.73814356 5.73974334
 5.74188506 5.73578739 5.73314593 5.72482894 5.72777218 5.73219761
 5.72858284 5.72991821 5.73033995 5.71329592 5.71962968 5.72112275
 5.72253864 5.73095246 5.71564866 5.72566544 5.7234571  5.71885199
 5.71996648 5.71857954 5.7133492  5.70620566]
