[-3.62664247 -3.4661903  -3.38349185 -3.3303018  -3.29183395 -3.27469602
 -3.25413706 -3.25145129 -3.23206993 -3.23861853 -3.22604384 -3.2215071
 -3.21264036 -3.20823781 -3.2148654  -3.21086135 -3.20794824 -3.2078903
 -3.20344573 -3.19558989 -3.1965098  -3.197239   -3.19652867 -3.19537775
 -3.19619309 -3.19581097 -3.19320822 -3.19581558 -3.19470675 -3.19325797
 -3.18993135 -3.19227061 -3.19198205 -3.18759802 -3.19178264 -3.19156388
 -3.19549752 -3.19067148 -3.19318347 -3.19222299 -3.19051894 -3.19074296
 -3.19078067 -3.18945371 -3.1907876  -3.18662564 -3.19186291 -3.18536413
 -3.18672048 -3.18696218 -3.19007297 -3.19147667 -3.18912687 -3.19062761
 -3.18838453 -3.18470183 -3.18664832 -3.18608246 -3.18647329 -3.18546776
 -3.18663635 -3.18430216 -3.18567763 -3.18988816 -3.18646559 -3.18550935
 -3.18710145 -3.18600664 -3.18918656 -3.18931916 -3.18962116 -3.191379
 -3.1865895  -3.18580699 -3.18392573 -3.18895415 -3.18798064 -3.18751381
 -3.18870946 -3.18671942 -3.18637824 -3.18459056 -3.18731947 -3.18833563
 -3.18657354 -3.18715731 -3.18730518 -3.18459954 -3.18554025 -3.18721926
 -3.18598577 -3.19019509 -3.18633813 -3.18778598 -3.18792923 -3.18759515
 -3.1887872  -3.18855975 -3.18726226 -3.18603955]
