[9.16855392 7.5529342  6.52440333 5.63823348 5.12422405 4.48628489
 4.0949465  3.92035312 3.59491749 3.53483465 3.26629946 3.14277438
 2.97776472 2.80826108 2.74589944 2.6517394  2.52329104 2.40962937
 2.34119388 2.24852211 2.26847803 2.15635341 2.15170977 2.12146927
 2.07298262 2.04800723 2.00052039 1.92739611 1.95110724 1.91168467
 1.88628285 1.88578054 1.81951792 1.81312692 1.80509186 1.7797152
 1.71034225 1.73647554 1.69481986 1.70189867 1.68540628 1.67524169
 1.66669076 1.66265253 1.66512985 1.64223251 1.62876056 1.62488571
 1.62258113 1.5991447  1.59499249 1.59405841 1.57610743 1.56113247
 1.55994209 1.55503109 1.53375654 1.5340492  1.51278448 1.51175789
 1.51306518 1.51153439 1.51276635 1.51533509 1.50784002 1.48359548
 1.49233354 1.48653501 1.46930011 1.46935412 1.45762007 1.46604731
 1.46073693 1.45398431 1.43981383 1.45857078 1.44819079 1.43781554
 1.42878767 1.42852581 1.43377229 1.43527126 1.42213558 1.41818478
 1.40188955 1.40194613 1.39496657 1.39996985 1.40930922 1.40751236
 1.39856411 1.39528367 1.39236746 1.39482202 1.38396175 1.38744667
 1.38404626 1.38900613 1.38195818 1.38126823]
