[-3.73796031 -3.56219206 -3.39820242 -3.2373255  -3.08284278 -2.94671589
 -2.82695607 -2.73530132 -2.62095384 -2.53334994 -2.45194837 -2.39264126
 -2.30166034 -2.24740108 -2.16847093 -2.11363519 -2.07642471 -2.04259617
 -1.98487058 -1.93826392 -1.92522761 -1.87808842 -1.82121622 -1.79615353
 -1.78927147 -1.75974199 -1.75636924 -1.71578909 -1.69890486 -1.70437654
 -1.69261225 -1.6754114  -1.65336487 -1.63509755 -1.61428571 -1.62532329
 -1.60692592 -1.59125934 -1.58536123 -1.56501203 -1.55574401 -1.56650221
 -1.54043586 -1.5711332  -1.55193943 -1.56504724 -1.54822437 -1.55069564
 -1.55224812 -1.54668375 -1.53631424 -1.52090595 -1.52347553 -1.53700002
 -1.54358856 -1.54490847 -1.54589786 -1.5432417  -1.52519858 -1.51554248
 -1.54378823 -1.55487026 -1.5561226  -1.57670551 -1.55822368 -1.54927909
 -1.55522709 -1.56145143 -1.55690619 -1.56039685 -1.54633331 -1.57266457
 -1.55738288 -1.55593337 -1.55744659 -1.55807505 -1.60017541 -1.59667231
 -1.61766535 -1.59090472 -1.60815188 -1.60810579 -1.59250704 -1.59898493
 -1.5959405  -1.58668065 -1.59503369 -1.60542163 -1.60506473 -1.62465024
 -1.62533238 -1.63849171 -1.62848703 -1.62299923 -1.6266141  -1.62824176
 -1.65132325 -1.61363551 -1.6020834  -1.62800656]
