[4.24757724 4.21343029 4.18994077 4.17821002 4.16386868 4.16250961
 4.15280554 4.1508734  4.14771742 4.14628695 4.14233699 4.13935518
 4.13666721 4.13826341 4.13587028 4.13304039 4.1332366  4.13162883
 4.13107659 4.12974456 4.12954866 4.1259434  4.12729115 4.12478249
 4.12578029 4.12443642 4.12426431 4.1235008  4.12216635 4.12258889
 4.12316749 4.12120346 4.12018184 4.12070921 4.12148516 4.11983513
 4.11929412 4.12016561 4.11964181 4.11884345 4.11872    4.1181734
 4.11695377 4.11703818 4.11716208 4.11742562 4.1174404  4.1177636
 4.11645014 4.11588986 4.11536337 4.11468908 4.11424471 4.11419617
 4.11521485 4.11487736 4.1148625  4.11395014 4.11334451 4.11336203
 4.11305965 4.11325527 4.1129602  4.11208444 4.11204819 4.11205373
 4.11206776 4.11132568 4.11100644 4.11100759 4.11175581 4.11097623
 4.1112304  4.11081896 4.11001744 4.11048781 4.10987333 4.11084949
 4.11077248 4.11034845 4.10989517 4.11036716 4.10981235 4.10926749
 4.10921102 4.1091599  4.1092603  4.10897182 4.10873159 4.10849005
 4.10886216 4.10839569 4.10819438 4.10847327 4.1089073  4.10869504
 4.10883233 4.10817905 4.10791572 4.10823685]
