[-2.88140188 -2.86005104 -2.85246273 -2.84886185 -2.84546398 -2.84482638
 -2.84238201 -2.8418071  -2.84074977 -2.84026858 -2.83923787 -2.83834448
 -2.83761285 -2.83801464 -2.83730666 -2.83649959 -2.83651979 -2.83600383
 -2.83583089 -2.83547905 -2.83538946 -2.83454685 -2.8348475  -2.83417836
 -2.83437467 -2.83400388 -2.83388453 -2.83373451 -2.83337423 -2.83345175
 -2.83354807 -2.83302067 -2.83276913 -2.83285931 -2.83301392 -2.83258081
 -2.83239058 -2.83256641 -2.83242921 -2.83226191 -2.83222278 -2.83210723
 -2.83177437 -2.83175995 -2.83178109 -2.831818   -2.8318262  -2.83193014
 -2.83157018 -2.83141144 -2.83126861 -2.83112677 -2.83097558 -2.83096671
 -2.83122279 -2.83115265 -2.83113816 -2.83085556 -2.83070673 -2.8307138
 -2.83061864 -2.83065667 -2.83058363 -2.83034547 -2.83035113 -2.83034392
 -2.83033302 -2.83015342 -2.83005241 -2.83007821 -2.83025052 -2.83005205
 -2.83011299 -2.8299802  -2.82979436 -2.82990966 -2.82974107 -2.82997493
 -2.82994777 -2.8298385  -2.82974125 -2.82983365 -2.82971781 -2.82956624
 -2.8295164  -2.82951637 -2.82955149 -2.82946649 -2.82942013 -2.82934802
 -2.82943062 -2.82930485 -2.82926278 -2.82933263 -2.82945122 -2.82936822
 -2.82941176 -2.82925917 -2.8291836  -2.82925456]
