[-3.49159474 -3.39017384 -3.27654409 -3.2602662  -3.23040031 -3.2338366
 -3.22764763 -3.21731038 -3.22196724 -3.20940048 -3.21211654 -3.21859875
 -3.22699505 -3.20241354 -3.19772365 -3.21627583 -3.2082538  -3.2170117
 -3.22405062 -3.23095238 -3.22667184 -3.23926601 -3.22533931 -3.22595654
 -3.22042605 -3.23264334 -3.22818651 -3.23047703 -3.22423251 -3.2152214
 -3.21914394 -3.22479939 -3.23011394 -3.23040307 -3.22356391 -3.21759766
 -3.22938338 -3.23278158 -3.23642528 -3.23068775 -3.23399761 -3.23852237
 -3.22853085 -3.22658406 -3.23302706 -3.22184251 -3.2325749  -3.23153483
 -3.2302265  -3.2291305  -3.22661162 -3.23157082 -3.23719972 -3.2346771
 -3.23537963 -3.23822644 -3.24055842 -3.24202051 -3.24109123 -3.24662361
 -3.24325864 -3.24708043 -3.24312317 -3.23893854 -3.24241702 -3.24104953
 -3.23906309 -3.24151998 -3.24465997 -3.25503709 -3.2501192  -3.24727058
 -3.24668488 -3.24657007 -3.25078869 -3.25053306 -3.25308801 -3.25448946
 -3.2623405  -3.25624062 -3.25217173 -3.25221006 -3.25879794 -3.25800585
 -3.25609817 -3.2525553  -3.25433186 -3.25289709 -3.25106769 -3.24977747
 -3.25231229 -3.25223107 -3.24940406 -3.25626551 -3.26040584 -3.25670033
 -3.2594215  -3.25891544 -3.2584127  -3.25672018]
