[8.41216305 7.27718965 6.92813185 6.82104873 6.64670713 6.68881193
 6.58224788 6.55142832 6.52116366 6.45314812 6.48663426 6.47442973
 6.44607188 6.43222392 6.39318112 6.42928609 6.41225723 6.41372301
 6.40898228 6.38250444 6.37136507 6.35825426 6.34351192 6.34234437
 6.34517489 6.34822523 6.33932624 6.31593207 6.32994837 6.31883171
 6.30911469 6.30414124 6.32532609 6.30630267 6.29087666 6.30286019
 6.29592909 6.2924847  6.28408577 6.28274657 6.27619828 6.28258759
 6.28591922 6.28056707 6.27759031 6.27656766 6.27190908 6.26795936
 6.27341333 6.27255358 6.26675463 6.27045986 6.27263614 6.2771165
 6.26447946 6.26401389 6.26469247 6.25594563 6.26140275 6.25555065
 6.26196093 6.25611306 6.26239971 6.26842056 6.27251366 6.26708553
 6.25929229 6.25666602 6.25195178 6.25458199 6.24812773 6.25225563
 6.2487013  6.25034357 6.25088884 6.25018089 6.24756748 6.24682875
 6.25205871 6.25001988 6.24443579 6.24586273 6.24873144 6.24937693
 6.2421849  6.24537574 6.24448499 6.24412659 6.23791665 6.23514865
 6.23186743 6.23153549 6.23328404 6.23885029 6.24108578 6.23761255
 6.23874591 6.23815195 6.23648782 6.23379026]
