[3.2867288  3.45889086 3.53050415 3.56699656 3.59028235 3.60948694
 3.62309183 3.63485539 3.64575497 3.65355764 3.65967583 3.66602461
 3.67371444 3.67813364 3.68281404 3.68660549 3.69086927 3.69443051
 3.69862945 3.70157903 3.70440111 3.70651545 3.70962667 3.7118362
 3.71439109 3.71649192 3.71889735 3.72114836 3.72324716 3.72563833
 3.72714987 3.72903705 3.73048974 3.73222866 3.73361127 3.73529691
 3.73686277 3.73803339 3.73973517 3.74075303 3.74221159 3.74341098
 3.74461999 3.74581228 3.74702084 3.74787545 3.74899441 3.75025487
 3.75136307 3.75206183 3.75349009 3.75436802 3.75482639 3.7559969
 3.75697707 3.7580092  3.75903104 3.76005002 3.76094271 3.76136054
 3.76241207 3.76336069 3.76393442 3.76461094 3.76522666 3.76604239
 3.76719119 3.76778553 3.76834941 3.76922305 3.76988597 3.7700096
 3.77118849 3.77191348 3.77227227 3.77302749 3.7735755  3.77442394
 3.77477761 3.77555237 3.77598699 3.77633139 3.77719848 3.77804184
 3.77815071 3.77874497 3.77944432 3.77997129 3.78051811 3.78097544
 3.78167992 3.78184712 3.78266746 3.78301994 3.78347434 3.78386809
 3.7845366  3.78506573 3.78536569 3.78592067]
