[0.0099608  0.00864666 0.00808631 0.00780153 0.00761072 0.00745901
 0.00734916 0.00726795 0.00718864 0.00713058 0.00708697 0.00704302
 0.00698836 0.00695622 0.00692461 0.00689513 0.00686757 0.00683636
 0.00681092 0.00679151 0.00677223 0.00675339 0.006732   0.00671828
 0.00670424 0.00668337 0.00667089 0.00665661 0.00664339 0.00662895
 0.00661784 0.00660608 0.00659593 0.00658587 0.00657052 0.00655603
 0.00655042 0.00654047 0.00653323 0.00652309 0.00651499 0.006507
 0.00649812 0.00648963 0.00648076 0.00647508 0.00646953 0.00645721
 0.00645344 0.00644811 0.00643764 0.00643358 0.00642788 0.00642379
 0.00641767 0.00640971 0.00640503 0.00639773 0.00639194 0.0063901
 0.00638146 0.00637586 0.00637101 0.00636482 0.00636302 0.00635836
 0.00634909 0.00634484 0.0063428  0.00633869 0.00633474 0.00633053
 0.00632697 0.0063196  0.00631807 0.00631177 0.00630912 0.00630271
 0.00629988 0.00629686 0.00629365 0.00628999 0.00628402 0.006282
 0.00628097 0.00627387 0.00627047 0.0062675  0.00626449 0.00625849
 0.00625564 0.00625564 0.00624933 0.00624702 0.00624443 0.00624185
 0.0062395  0.00623517 0.00623412 0.006229  ]
