[0.65413778 0.65197946 0.64103637 0.64231856 0.64039826 0.641936
 0.6383492  0.63667114 0.63812028 0.63393267 0.63320018 0.6345001
 0.63260192 0.63548585 0.63348181 0.63407572 0.63055792 0.63287601
 0.63357221 0.63249278 0.63175183 0.6324606  0.63125195 0.63163962
 0.63119313 0.63042124 0.6292144  0.62964018 0.63033496 0.62887532
 0.63099871 0.62984085 0.62944739 0.62952212 0.62857711 0.62877403
 0.62918512 0.62898203 0.62917937 0.62881375 0.62955408 0.62766127
 0.62926623 0.62796208 0.62751432 0.62846698 0.62815053 0.62878913
 0.62810453 0.62775986 0.62656583 0.62763494 0.62833951 0.62724627
 0.62847777 0.62866505 0.62818412 0.62838761 0.62841363 0.62897692
 0.62859734 0.62747144 0.62756633 0.62853618 0.62842742 0.62721665
 0.62751618 0.62821507 0.62760294 0.62771457 0.62700508 0.62727096
 0.6287724  0.6283193  0.62844438 0.62788068 0.62909442 0.62839534
 0.62828605 0.62823775 0.62816558 0.62746523 0.62680445 0.62751278
 0.62758097 0.62787239 0.62791238 0.62757541 0.62745608 0.62793898
 0.6284404  0.62801475 0.62773471 0.6273241  0.62819518 0.62757533
 0.62801085 0.62757972 0.62742815 0.62766565]
