[-0.99167128 -0.98697696 -0.97066691 -0.97345467 -0.97072128 -0.97428027
 -0.96863368 -0.96585194 -0.96840289 -0.96212374 -0.96088721 -0.96314076
 -0.96034567 -0.96557506 -0.96200199 -0.96334181 -0.95778511 -0.96199938
 -0.96340102 -0.9619167  -0.96054105 -0.96212584 -0.95979223 -0.96087569
 -0.96020116 -0.95926952 -0.95733209 -0.9581457  -0.95899087 -0.95695985
 -0.96143291 -0.95955801 -0.95905209 -0.95960835 -0.9576872  -0.95861401
 -0.95891338 -0.95867761 -0.95883793 -0.95845919 -0.95999376 -0.95668616
 -0.95966315 -0.95721118 -0.95627155 -0.95828866 -0.95787917 -0.95936852
 -0.95832359 -0.95704199 -0.95486737 -0.95674973 -0.95824946 -0.95605516
 -0.95918399 -0.95998584 -0.95857148 -0.958812   -0.95909874 -0.95961187
 -0.9593507  -0.95758148 -0.95792944 -0.95976854 -0.95989952 -0.95824989
 -0.95864948 -0.960267   -0.95976448 -0.95962171 -0.95843647 -0.9587825
 -0.9616407  -0.96144678 -0.96147852 -0.96003839 -0.96258942 -0.961348
 -0.96104639 -0.96122536 -0.96130136 -0.96028989 -0.95890276 -0.96024838
 -0.96072473 -0.96159268 -0.96134453 -0.96071888 -0.96053429 -0.96117121
 -0.962336   -0.96193798 -0.96144745 -0.96073821 -0.96207058 -0.96192296
 -0.96208176 -0.96134569 -0.96113604 -0.96178981]
