[-2.98143372 -2.76956398 -2.62591579 -2.52721759 -2.43209026 -2.35225895
 -2.27455746 -2.2202524  -2.17193166 -2.13465002 -2.1050496  -2.0596742
 -2.03837212 -2.01718033 -2.00078262 -1.98380027 -1.96582383 -1.94852354
 -1.94110627 -1.92575117 -1.92280839 -1.91489627 -1.90426856 -1.89190517
 -1.88261576 -1.87807371 -1.87191188 -1.86618099 -1.86408618 -1.85414881
 -1.85472807 -1.84860284 -1.83954851 -1.83702392 -1.83216987 -1.83284645
 -1.83050863 -1.82517946 -1.822678   -1.82474832 -1.82098481 -1.81796442
 -1.81262448 -1.81362266 -1.81033733 -1.8039135  -1.80717597 -1.7984401
 -1.80258491 -1.79726044 -1.79693169 -1.79613927 -1.79394403 -1.79321952
 -1.79273975 -1.78781768 -1.78751495 -1.78832475 -1.78751413 -1.78601644
 -1.78663106 -1.78387651 -1.78252336 -1.78109026 -1.77963211 -1.77760094
 -1.78033081 -1.77997706 -1.77489279 -1.77531311 -1.77756438 -1.776176
 -1.77316756 -1.77173791 -1.77304391 -1.77140237 -1.76926995 -1.76970801
 -1.76895057 -1.77013527 -1.77104786 -1.77044919 -1.76892467 -1.76431469
 -1.76445341 -1.76092399 -1.76029218 -1.76121296 -1.76047559 -1.76088899
 -1.75813794 -1.75706245 -1.75938244 -1.75884848 -1.75640722 -1.75800437
 -1.75413945 -1.75535382 -1.75519735 -1.7518487 ]
