[2.97256572 2.84463853 2.64473169 2.57136185 2.4494847  2.39180226
 2.31452389 2.27138631 2.21631555 2.19287612 2.17757223 2.1277334
 2.11676243 2.08992473 2.07102186 2.06834961 2.05448556 2.03277865
 2.02608498 2.0069536  2.00008637 2.00265955 1.99154081 1.97731922
 1.9675793  1.96858033 1.96173092 1.95736922 1.95350776 1.94329484
 1.93881941 1.93641969 1.9278613  1.92327357 1.92695482 1.91975311
 1.91804304 1.91196323 1.90886562 1.90742589 1.90823825 1.90234047
 1.90039191 1.89199626 1.89013807 1.88372056 1.8839983  1.88163225
 1.88043087 1.8798815  1.87317713 1.86883627 1.86515167 1.86721601
 1.86647367 1.86303807 1.85972943 1.85915862 1.86022434 1.85751658
 1.8565897  1.85418447 1.85062626 1.85029879 1.84826091 1.84676994
 1.84716722 1.84765889 1.84191937 1.84576804 1.84352343 1.8434435
 1.84094746 1.83877857 1.83665108 1.83585056 1.83531346 1.83491001
 1.83383925 1.83388078 1.83370661 1.83238506 1.83102624 1.82940217
 1.82537932 1.82408201 1.82296392 1.8243404  1.82346898 1.82314976
 1.81853119 1.81818548 1.82042047 1.8183073  1.81569748 1.81415987
 1.81459902 1.81324006 1.81257404 1.81163015]
