[3.46897141 2.66556282 2.48566872 2.32582953 2.30181171 2.26593256
 2.24990062 2.22709071 2.21037198 2.20969683 2.19686191 2.19037694
 2.20196047 2.19838682 2.18593874 2.18882916 2.18600487 2.18692119
 2.18409232 2.18368685 2.18409842 2.18496076 2.18556256 2.18645955
 2.18701602 2.18337503 2.1846187  2.18664298 2.18478339 2.18463658
 2.1829106  2.18397735 2.18281113 2.18219186 2.18255991 2.18386007
 2.18109156 2.18180275 2.18217943 2.18236681 2.18253314 2.18213014
 2.18180552 2.18122506 2.18128561 2.18297488 2.18270105 2.18307353
 2.18191559 2.18252292 2.181651   2.18175217 2.18220072 2.18229623
 2.18232085 2.18229745 2.18118158 2.18129393 2.18140882 2.18090765
 2.18079021 2.18067767 2.18125967 2.18054645 2.18093041 2.18178506
 2.18155438 2.18147084 2.18063437 2.18113926 2.18014976 2.18120263
 2.18052691 2.18157288 2.18177913 2.18126226 2.18092646 2.18185912
 2.18116698 2.18182329 2.18139388 2.18187937 2.18131963 2.18154153
 2.18077494 2.1812068  2.1812021  2.18083888 2.18149397 2.18208886
 2.18173727 2.1810825  2.181431   2.18112186 2.18094013 2.18033444
 2.18063688 2.18049826 2.1804797  2.17943477]
