[-2.75401154 -2.24527556 -2.04045931 -1.81533984 -1.79305193 -1.72781479
 -1.69703219 -1.70355755 -1.67947525 -1.73404749 -1.65852709 -1.65725689
 -1.70391882 -1.7066336  -1.68653195 -1.67267657 -1.68489478 -1.73629884
 -1.69947304 -1.68147951 -1.72355729 -1.71698834 -1.74869711 -1.72208579
 -1.75906215 -1.7515094  -1.73034603 -1.73389417 -1.74735358 -1.73621175
 -1.7414213  -1.72098179 -1.73876266 -1.74187162 -1.73944036 -1.73641913
 -1.74380821 -1.7371594  -1.73844685 -1.73915506 -1.73632398 -1.73169178
 -1.74586416 -1.74207974 -1.750325   -1.76551366 -1.74101237 -1.75117435
 -1.74311008 -1.75280596 -1.73269985 -1.73890327 -1.73295148 -1.72800864
 -1.74189927 -1.74630246 -1.72659386 -1.7195083  -1.71352684 -1.70843108
 -1.71471172 -1.73111367 -1.72281461 -1.72124076 -1.721849   -1.71712891
 -1.72266593 -1.71760374 -1.73344061 -1.72231049 -1.72848515 -1.71148105
 -1.71106609 -1.70893819 -1.71329056 -1.70640185 -1.71756473 -1.72231661
 -1.71883268 -1.72921025 -1.736664   -1.72042376 -1.71790609 -1.72364237
 -1.72390662 -1.71003369 -1.70857844 -1.71256288 -1.72210778 -1.72032408
 -1.7131567  -1.72011289 -1.72352446 -1.72260422 -1.72145732 -1.71852931
 -1.71779571 -1.72826414 -1.72374402 -1.72723416]
