[-1.00227124 -0.97603068 -0.97849267 -0.97953419 -0.98118202 -0.97027448
 -0.9728562  -0.97666996 -0.98646449 -0.97555248 -0.98578053 -1.00306136
 -1.00248473 -1.00807346 -0.99555545 -1.0228868  -1.01292736 -1.01640423
 -1.03230636 -1.0283448  -1.0314272  -1.03143635 -1.0349273  -1.04864238
 -1.03910769 -1.03625314 -1.04233386 -1.07194597 -1.05773165 -1.06162683
 -1.06477744 -1.07303142 -1.07388225 -1.07695999 -1.09661259 -1.09276206
 -1.08482957 -1.07788195 -1.09659868 -1.10215708 -1.10648919 -1.11038306
 -1.12103428 -1.10809149 -1.12867891 -1.13129779 -1.13978083 -1.13714331
 -1.15591209 -1.14938042 -1.15444472 -1.15412958 -1.1603453  -1.20929628
 -1.20177954 -1.20568147 -1.22044844 -1.22767078 -1.22595573 -1.22293131
 -1.23615085 -1.23931301 -1.23776841 -1.25463349 -1.26096871 -1.26644857
 -1.25638042 -1.25644363 -1.26764586 -1.2844584  -1.27977877 -1.30582716
 -1.31643328 -1.31323117 -1.31325213 -1.3246377  -1.33738499 -1.33230814
 -1.34473844 -1.36691274 -1.35739231 -1.36769465 -1.35394682 -1.3812925
 -1.38071534 -1.37918713 -1.38005093 -1.39665151 -1.40127005 -1.42437431
 -1.42688868 -1.42878319 -1.41427951 -1.40612103 -1.42152118 -1.43312691
 -1.46113444 -1.46831212 -1.47753751 -1.47825741]
