[0.66401175 0.64808101 0.64457788 0.63976622 0.63527149 0.63461239
 0.63308037 0.63344016 0.63222003 0.63245611 0.63341538 0.63299229
 0.63155479 0.63100505 0.63099472 0.63210182 0.63176752 0.63213368
 0.63219982 0.63162499 0.63163916 0.63121801 0.63110097 0.63219048
 0.63100906 0.63120714 0.6309034  0.63089565 0.63080882 0.63187694
 0.6308342  0.63143737 0.63189897 0.6316186  0.63171686 0.63033921
 0.63096356 0.6308427  0.63171058 0.63137521 0.63096228 0.63145205
 0.63127945 0.63193747 0.63181292 0.6309246  0.63167522 0.63153069
 0.6315836  0.63184634 0.63207256 0.6315043  0.63140203 0.63163515
 0.63138958 0.63182249 0.63167596 0.63218098 0.63233344 0.63185075
 0.63149271 0.63165751 0.6311004  0.63136483 0.63140942 0.63137136
 0.63177633 0.63112292 0.63115828 0.63122657 0.63136207 0.63169264
 0.63132161 0.63146653 0.63129093 0.63126207 0.63141912 0.63118885
 0.63121843 0.63143386 0.63176881 0.63180865 0.63188891 0.63178791
 0.63173887 0.63141176 0.63129018 0.63140692 0.63154795 0.63162715
 0.6313711  0.63100884 0.63071359 0.63107909 0.63104412 0.63107189
 0.63133772 0.63163177 0.63200431 0.63195354]
