[-2.97325929 -2.95668949 -2.94927722 -2.94169751 -2.9370112  -2.93386102
 -2.93114045 -2.92983947 -2.92744847 -2.92620657 -2.92468039 -2.92378314
 -2.92253235 -2.92199826 -2.92159166 -2.92149098 -2.92018044 -2.91925678
 -2.91865159 -2.91810353 -2.91810131 -2.91774636 -2.91706854 -2.9168765
 -2.9161825  -2.91601249 -2.91592689 -2.91569444 -2.91474844 -2.91427194
 -2.91439458 -2.91399612 -2.91428113 -2.91332078 -2.91311545 -2.91292904
 -2.91262821 -2.91224327 -2.91228477 -2.91206219 -2.91171003 -2.91189932
 -2.91168302 -2.91119107 -2.9108636  -2.91094198 -2.9109748  -2.91023537
 -2.91028613 -2.91025163 -2.91004518 -2.90972171 -2.90979226 -2.90965223
 -2.90951048 -2.90931525 -2.90916673 -2.9090241  -2.90872343 -2.90912487
 -2.90856444 -2.90852146 -2.90836747 -2.90821691 -2.90812956 -2.90793282
 -2.90792072 -2.90769923 -2.90782354 -2.90759511 -2.90743518 -2.90716155
 -2.90713619 -2.90690427 -2.90713322 -2.90685168 -2.90698554 -2.90677861
 -2.90660498 -2.90651696 -2.90638871 -2.90624737 -2.90610609 -2.90607543
 -2.90610075 -2.9060702  -2.9059751  -2.90577138 -2.9057677  -2.905615
 -2.90553261 -2.90563046 -2.90553612 -2.90569544 -2.90552133 -2.90546004
 -2.90539781 -2.90518282 -2.90507821 -2.9050396 ]
