[4.79870706 4.74306464 4.72304907 4.69772511 4.6836531  4.67415087
 4.6668433  4.66334906 4.65719568 4.65275991 4.64806234 4.64637973
 4.64322424 4.6417884  4.64023944 4.63986152 4.63702899 4.63448793
 4.63300375 4.6313169  4.63097446 4.63014053 4.62935163 4.62832716
 4.6270184  4.62667532 4.62615265 4.62534369 4.62280083 4.62105806
 4.62198474 4.62076578 4.62202777 4.61963784 4.61894768 4.61820237
 4.61762007 4.61692264 4.6167652  4.61685403 4.61560992 4.61618609
 4.6155581  4.61407152 4.61318866 4.61342675 4.61373042 4.61161213
 4.61168749 4.61183372 4.61116511 4.61013504 4.61030277 4.6103838
 4.61040001 4.60941542 4.60929206 4.60909155 4.60806335 4.60935446
 4.60780517 4.60800043 4.60758309 4.60695645 4.60654693 4.60610353
 4.60625242 4.60604148 4.60611265 4.60566373 4.60532345 4.60453548
 4.60466253 4.60387833 4.60449569 4.60395441 4.60431718 4.60354664
 4.60333392 4.60307743 4.60284829 4.60243435 4.60196118 4.60181883
 4.60201922 4.60203561 4.60196148 4.60125593 4.60130302 4.60088267
 4.60035025 4.60100427 4.60058512 4.60106529 4.60069956 4.60047223
 4.60034302 4.60015473 4.59992323 4.59979722]
