[4.25317878 4.20944465 4.19903426 4.19226783 4.17802492 4.17652003
 4.17419033 4.17036695 4.17117888 4.16639413 4.16424227 4.16168953
 4.16100484 4.15831735 4.15791868 4.15716619 4.15597649 4.15498148
 4.15442558 4.15426922 4.15339173 4.15192398 4.15183661 4.15112415
 4.15193383 4.15048123 4.14944406 4.14916069 4.14858973 4.14795973
 4.14749089 4.14755737 4.14746421 4.14595269 4.14654634 4.14693948
 4.14630843 4.14657494 4.14579573 4.14566151 4.14494472 4.14538128
 4.14484007 4.1448471  4.14462835 4.14424924 4.14430254 4.14356658
 4.14288307 4.14326595 4.14344832 4.14288637 4.14309464 4.14262274
 4.14210687 4.14214938 4.14227915 4.14201345 4.14125791 4.1409928
 4.14127443 4.14125785 4.14104561 4.14038831 4.14025453 4.14006834
 4.13997952 4.13977181 4.13984223 4.13982493 4.14040247 4.13996443
 4.13968176 4.13939638 4.13968068 4.13922264 4.13894795 4.13909829
 4.13907925 4.13875995 4.13853102 4.138456   4.13826207 4.13795869
 4.13816372 4.1381036  4.13786188 4.13776323 4.13761085 4.13765628
 4.1375644  4.13753022 4.13754925 4.13752392 4.13722928 4.13706497
 4.13689744 4.13689279 4.13678128 4.13650814]
