[-2.86411134 -2.84812184 -2.84398766 -2.84151452 -2.8377637  -2.83684459
 -2.83391024 -2.83344296 -2.83316143 -2.83244484 -2.83077075 -2.82958577
 -2.83086023 -2.82896472 -2.82928991 -2.82790866 -2.82759539 -2.82748317
 -2.82740153 -2.82653431 -2.82693597 -2.82634082 -2.82585848 -2.8260285
 -2.82569134 -2.82551304 -2.82536394 -2.82461852 -2.8249351  -2.82476311
 -2.82463582 -2.82418358 -2.82390054 -2.82363583 -2.82372197 -2.82379833
 -2.82422805 -2.82413465 -2.82393574 -2.82368506 -2.8234344  -2.82343393
 -2.82344867 -2.8231558  -2.823571   -2.82281501 -2.82286118 -2.82282238
 -2.82278135 -2.82258593 -2.82271436 -2.82294298 -2.82291223 -2.82287071
 -2.82279178 -2.82265248 -2.82263147 -2.82259436 -2.82235808 -2.82229994
 -2.82235146 -2.82252097 -2.82273104 -2.82209268 -2.82189178 -2.82184064
 -2.82158997 -2.8216932  -2.82179671 -2.82202715 -2.82217867 -2.82234765
 -2.8220633  -2.8218689  -2.82165434 -2.82163169 -2.82137932 -2.82132974
 -2.82144578 -2.82141572 -2.82133197 -2.82113639 -2.82111194 -2.82112748
 -2.82136769 -2.82131024 -2.82137717 -2.82149754 -2.82136408 -2.8214141
 -2.82135277 -2.82123267 -2.82116804 -2.82098266 -2.82087498 -2.82072039
 -2.82097842 -2.82074802 -2.82064908 -2.82062072]
