[4.37106209 3.93556011 3.76521022 3.66426489 3.74079737 3.81280784
 3.63104544 3.57310159 3.51767311 3.54831042 3.45927135 3.43236576
 3.30610379 3.3396421  3.30977534 3.33376762 3.29591971 3.27004497
 3.28322475 3.25091252 3.23800405 3.24932378 3.25124481 3.23092599
 3.20463406 3.16703611 3.18928159 3.23577051 3.24714352 3.21104694
 3.17557533 3.16760591 3.16663279 3.1403241  3.18105022 3.15828249
 3.15192172 3.13563709 3.1565486  3.15831471 3.15046528 3.16159515
 3.15211718 3.14407207 3.14561525 3.12951236 3.14842758 3.13761893
 3.14449766 3.12932466 3.12546408 3.12482857 3.11761644 3.10672372
 3.12263709 3.11161693 3.12093615 3.12560821 3.12034758 3.11974051
 3.12616131 3.11563627 3.12694836 3.13552778 3.14812995 3.12599703
 3.11826675 3.11566894 3.12733572 3.14699571 3.12220661 3.11869938
 3.112377   3.11886375 3.11447954 3.12707336 3.13858947 3.13127904
 3.10077913 3.11961431 3.11045476 3.10565149 3.10746488 3.12319059
 3.12346035 3.12442059 3.11404819 3.12547291 3.12417104 3.1106293
 3.11005582 3.11266078 3.11189356 3.11583553 3.11473434 3.1089824
 3.10119959 3.10930218 3.10427079 3.12490165]
[4.07955604 3.84597635 3.66630332 3.55594533 3.54376959 3.61514538
 3.5764389  3.48988288 3.45866994 3.47339653 3.43208288 3.3802462
 3.289358   3.3646509  3.25984408 3.39060506 3.36605826 3.290188
 3.31649298 3.25267273 3.2044003  3.22994912 3.2260586  3.1874978
 3.17720586 3.15402428 3.18083186 3.19701517 3.1636484  3.21435998
 3.14024436 3.17102302 3.16373683 3.16601441 3.19496557 3.18007064
 3.16539977 3.19444347 3.18838264 3.1491738  3.17177638 3.14993756
 3.1464143  3.14644882 3.1481847  3.14120751 3.16956696 3.16864703
 3.15366811 3.16745788 3.15426498 3.15684887 3.16916749 3.13658424
 3.14035678 3.14831394 3.11991325 3.1444498  3.13608545 3.12732875
 3.13793747 3.09961519 3.10614652 3.11542637 3.10984297 3.10803187
 3.10456893 3.10394578 3.11232711 3.10477889 3.11643617 3.10210732
 3.10269869 3.10063111 3.11180342 3.10186108 3.10963751 3.11084292
 3.11759364 3.12116895 3.12315582 3.11184788 3.13147222 3.13703061
 3.11592567 3.10164329 3.0993266  3.10328246 3.10649966 3.11036326
 3.11054352 3.11043438 3.10139136 3.11470757 3.11897669 3.09948381
 3.10351062 3.11142417 3.10960862 3.11948974]
[4.48740761 3.88617506 3.77769877 3.96672469 3.71410894 3.54801803
 3.35230762 3.41638707 3.36215286 3.3238447  3.32538547 3.31052638
 3.27055284 3.27671898 3.31047151 3.25136958 3.26032277 3.22420818
 3.24594377 3.24069696 3.1956598  3.23471772 3.21483075 3.23131089
 3.25079707 3.20480358 3.20949432 3.22452891 3.2145131  3.22933107
 3.20192924 3.18909715 3.21327345 3.22821505 3.20848823 3.186269
 3.17308266 3.19583815 3.18756415 3.20175065 3.19794381 3.18506935
 3.17162589 3.19657059 3.18656979 3.17977243 3.18287674 3.19257835
 3.17679259 3.16860413 3.17417215 3.16696947 3.17332985 3.17439853
 3.17934417 3.17324662 3.18208218 3.1806983  3.17146    3.17035217
 3.16994165 3.17091757 3.16715408 3.16451231 3.16917528 3.16806895
 3.15870362 3.16071409 3.15905322 3.15667397 3.16820302 3.17246442
 3.16085693 3.15400687 3.14953836 3.15886802 3.16947575 3.16055487
 3.16242684 3.16278121 3.15167587 3.1545845  3.15166843 3.15387751
 3.1500008  3.15205307 3.14540517 3.15463432 3.15342481 3.15598263
 3.14748112 3.16075951 3.15517427 3.15291841 3.15121947 3.14995888
 3.14709439 3.14303067 3.14676321 3.14319344]
[4.99918662 4.05530542 4.02630262 3.54873663 3.55147287 3.43885153
 3.36110214 3.32296539 3.31027648 3.28491323 3.25727114 3.22903859
 3.20021097 3.20482833 3.21032066 3.21206898 3.21478241 3.23373206
 3.21113307 3.20688223 3.18432836 3.18336428 3.1789545  3.18734669
 3.18471104 3.17383054 3.17944823 3.17030329 3.19055888 3.16492682
 3.16712433 3.17528175 3.1691655  3.16551779 3.1626477  3.17276507
 3.16731481 3.15760911 3.14464913 3.14928473 3.14524479 3.1523805
 3.1649351  3.1722856  3.16512405 3.15881858 3.15941013 3.16429263
 3.16782241 3.15800338 3.15890605 3.16843982 3.15961864 3.16400411
 3.16319606 3.15534777 3.15713082 3.14994659 3.15379282 3.15189389
 3.15842305 3.15454926 3.15454681 3.16086559 3.15214656 3.16159887
 3.15630037 3.15832646 3.15738211 3.16444867 3.16276655 3.16202046
 3.16448901 3.16310632 3.16247133 3.15841053 3.15730156 3.16493294
 3.16172675 3.15775471 3.15894724 3.16196222 3.16032946 3.16094052
 3.16220459 3.15559988 3.16418863 3.16006142 3.16240308 3.16227488
 3.16840771 3.16533985 3.1615895  3.15714797 3.16124358 3.1552623
 3.1615743  3.15872057 3.16364325 3.16293818]
[5.72923341 4.76637189 4.05572716 3.90722918 3.61717289 3.43851891
 3.30416124 3.25872523 3.40084233 3.27621254 3.2640921  3.31526904
 3.27286372 3.24108187 3.19646258 3.18451856 3.15351443 3.15141609
 3.17202325 3.17061306 3.1569506  3.21249661 3.6380698  4.48141889
 3.83058491 4.90290495 5.09327234 5.100799   5.11118395 5.10428388
 5.10983267 5.11479773 5.08325152 5.10309859 5.10472092 5.09949865
 5.09208309 5.11139756 5.09600065 5.10205779 5.10963228 5.11189738
 5.09982445 5.08906149 5.10573704 5.09774317 5.1053681  5.09860878
 5.10104537 5.08902798 5.10279734 5.1052535  5.0935333  5.0969893
 5.09723011 5.09531608 5.10381702 5.09822089 5.10529466 5.10809611
 5.0981247  5.10273745 5.10253581 5.09257748 5.09788806 5.0933634
 5.09241496 5.09776928 5.10329336 5.10028851 5.0869243  5.09140828
 5.09322959 5.09308141 5.09987164 5.10037475 5.09970432 5.09842424
 5.09449597 5.09602621 5.09425112 5.09103835 5.09257074 5.09145842
 5.09295105 5.08714238 5.09630146 5.09698612 5.09592986 5.09536859
 5.09560873 5.0949155  5.09384519 5.09541305 5.09358715 5.09594848
 5.10197728 5.10060133 5.09997566 5.09921227]
