[-3.42870059 -3.16653509 -3.0035765  -2.89649861 -2.80300426 -2.74686703
 -2.6810179  -2.64751912 -2.61799014 -2.61218958 -2.60190933 -2.58982668
 -2.58164486 -2.59004823 -2.56426583 -2.56402739 -2.58448077 -2.58330791
 -2.58680885 -2.55754842 -2.56679855 -2.58149762 -2.58218439 -2.57832891
 -2.57215287 -2.58778985 -2.59089845 -2.58827336 -2.58121671 -2.60405282
 -2.59435062 -2.5836196  -2.60079678 -2.6061224  -2.60747485 -2.58956851
 -2.59893832 -2.59306479 -2.59468668 -2.61656703 -2.61404645 -2.61186179
 -2.62695254 -2.60720023 -2.62324041 -2.61441136 -2.62399575 -2.61041505
 -2.61578965 -2.61763749 -2.63000611 -2.63603336 -2.62598885 -2.63393665
 -2.62718084 -2.64419816 -2.64037841 -2.64024701 -2.64115762 -2.63752347
 -2.64073851 -2.64961516 -2.65155204 -2.65281286 -2.66543455 -2.65208084
 -2.66382826 -2.65524047 -2.65287126 -2.66211505 -2.66235286 -2.66896193
 -2.66056693 -2.66115495 -2.66648841 -2.67139497 -2.67234507 -2.67028764
 -2.6760648  -2.68283277 -2.67507229 -2.68308988 -2.676577   -2.67569615
 -2.67969217 -2.68460999 -2.68269926 -2.67996743 -2.6837466  -2.67885457
 -2.68403936 -2.68907383 -2.69536238 -2.69247498 -2.68875947 -2.69357608
 -2.69128937 -2.70102416 -2.70087767 -2.70113298]
